159001
159003
159005
159601
159602
159603
159605
159606
159607
159608
159609
159610
159611
159612
159613
159615
159616
159617
159618
159619
159620
159621
159623
159625
159627
159628
159629
159630
159631
159632
159633
159635
159636
159637
159638
159639
159640
159641
159642
159643
159645
159646
159647
159649
159650
159651
159652
159655
159658
159662
159663
159667
159675
159677
159680
159687
159701
159703
159706
159707
159708
159709
159710
159711
159712
159713
159715
159716
159717
159718
159719
159720
159721
159723
159725
159726
159728
159729
159730
159731
159732
159733
159735
159736
159738
159739
159740
159741
159742
159743
159745
159747
159748
159750
159751
159752
159755
159757
159758
159760
159761
159763
159766
159767
159768
159769
159770
159773
159775
159776
159777
159778
159779
159780
159781
159782
159783
159786
159787
159788
159789
159790
159791
159792
159793
159795
159796
159797
159798
159801
159804
159805
159806
159807
159808
159810
159811
159812
159813
159814
159815
159816
159819
159820
159821
159822
159823
159824
159825
159827
159828
159830
159831
159832
159833
159834
159835
159836
159837
159838
159839
159840
159841
159842
159843
159845
159847
159848
159849
159850
159851
159852
159853
159855
159856
159857
159858
159859
159861
159862
159863
159864
159865
159866
159867
159869
159870
159871
159872
159873
159875
159876
159877
159880
159881
159883
159885
159886
159887
159888
159889
159890
159891
159892
159895
159896
159898
159899
159901
159902
159903
159905
159906
159907
159908
159909
159910
159912
159913
159915
159916
159918
159919
159920
159922
159923
159925
159928
159929
159930
159931
159933
159934
159935
159936
159937
159938
159939
159940
159941
159943
159944
159945
159948
159949
159952
159954
159956
159957
159958
159959
159960
159961
159964
159965
159966
159967
159968
159969
159970
159971
159972
159973
159974
159975
159976
159977
159978
159980
159981
159982
159983
159984
159985
159987
159990
159991
159992
159993
159994
159995
159996
159997
159998
159999
159006
159656
159665
159666
159669
159681
159682
159683
159688
159756
159799
510010
510020
510030
510050
510060
510090
510100
510110
510120
510130
510150
510160
510170
510180
510190
510200
510210
510230
510270
510290
510300
510310
510330
510350
510360
510370
510380
510390
510410
510500
510510
510530
510550
510560
510570
510580
510590
510600
510630
510650
510660
510680
510710
510760
510770
510800
510810
510850
510880
510900
510990
511010
511020
511030
511060
511180
511220
511260
511270
511310
511360
511380
511520
511580
511600
511620
511650
511660
511670
511690
511700
511770
511800
511810
511820
511830
511850
511860
511880
511900
511910
511920
511930
511950
511960
511970
511980
511990
512000
512010
512040
512070
512090
512100
512120
512150
512160
512170
512180
512190
512200
512220
512260
512280
512290
512320
512330
512360
512380
512390
512400
512480
512500
512510
512520
512530
512550
512560
512570
512580
512590
512600
512640
512650
512660
512670
512680
512690
512700
512710
512720
512730
512750
512760
512770
512780
512800
512810
512820
512870
512880
512890
512900
512910
512920
512930
512950
512960
512970
512980
512990
513000
513010
513020
513030
513050
513060
513070
513080
513090
513100
513120
513130
513150
513160
513180
513200
513220
513230
513260
513280
513290
513300
513310
513320
513330
513360
513380
513500
513520
513530
513550
513580
513590
513600
513660
513680
513690
513700
513770
513800
513860
513880
513890
513900
513960
513980
513990
515000
515010
515020
515030
515050
515060
515070
515080
515090
515100
515110
515120
515130
515150
515160
515170
515180
515190
515200
515210
515220
515230
515250
515260
515280
515290
515300
515310
515320
515330
515350
515360
515380
515390
515400
515450
515500
515510
515520
515530
515550
515560
515570
515580
515590
515600
515630
515650
515660
515670
515680
515700
515710
515750
515760
515770
515780
515790
515800
515810
515820
515850
515860
515870
515880
515890
515900
515910
515920
515930
515950
515960
515980
515990
516000
516010
516020
516050
516060
516070
516080
516090
516100
516110
516120
516130
516150
516160
516180
516190
516200
516210
516220
516260
516270
516290
516300
516310
516320
516330
516350
516360
516380
516390
516480
516500
516510
516520
516530
516550
516560
516570
516580
516590
516600
516610
516620
516630
516640
516650
516660
516670
516690
516700
516710
516720
516730
516750
516760
516770
516780
516790
516800
516810
516820
516830
516850
516860
516880
516890
516900
516910
516920
516930
516950
516960
516970
516980
517000
517010
517030
517050
517080
517090
517100
517110
517120
517160
517170
517180
517200
517270
517280
517300
517330
517350
517360
517380
517390
517500
517550
517660
517760
517770
517780
517800
517850
517880
517900
517960
517990
518600
518660
518680
518800
518850
518860
518880
518890
560000
560010
560050
560060
560080
560100
560110
560500
560550
560560
560600
560650
560660
560680
560800
560880
560900
560980
560990
561100
561120
561130
561160
561180
561190
561300
561310
561320
561330
561350
561500
561510
561550
561560
561590
561600
561700
561710
561800
561900
561910
561990
562000
562300
562310
562350
562360
562390
562500
562510
562520
562530
562800
562880
562900
562910
562950
562990
563000
588000
588010
588050
588060
588080
588090
588100
588150
588160
588180
588200
588260
588280
588290
588300
588310
588330
588350
588360
588370
588380
588390
588400
512830
513140
513560
516170
517980
560160
560960
561000
562010
562320
588320
588460