605499, 东鹏饮料, 0, 3.6410, 
300339, 润和软件, 0, 3.4059, 
600112, *ST天成, 0, 2.8244, 
600906, 财达证券, 0, 2.5233, 
300671, 富满电子, 0, 2.4824, 
002592, ST八菱, 0, 1.8910, 
001208, 华菱线缆, 0, 1.8023, 
601567, 三星医疗, 0, 1.8000, 
603026, 石大胜华, 0, 1.7704, 
600032, 浙江新能, 0, 1.7506, 
300077, 国民技术, 0, 1.7474, 
300079, 数码视讯, 0, 1.7192, 
300631, 久吾高科, 0, 1.6426, 
300035, 中科电气, 0, 1.6261, 
300432, 富临精工, 0, 1.5379, 
688699, 明微电子, 0, 1.5351, 
002280, 联络互动, 0, 1.5327, 
300530, *ST达志, 0, 1.5317, 
300568, 星源材质, 0, 1.5143, 
688329, 艾隆科技, 0, 1.4944, 
605117, 德业股份, 0, 1.4856, 
300582, 英飞特, 0, 1.4810, 
002326, 永太科技, 0, 1.4509, 
605186, 健麾信息, 0, 1.3894, 
300479, 神思电子, 0, 1.3863, 
605011, 杭州热电, 0, 1.3392, 
603171, 税友股份, 0, 1.3381, 
600753, 东方银星, 0, 1.3167, 
002759, 天际股份, 0, 1.3109, 
600577, 精达股份, 0, 1.3068, 
300604, 长川科技, 0, 1.3015, 
300390, 天华超净, 0, 1.2719, 
688037, 芯源微, 0, 1.2641, 
002684, *ST猛狮, 0, 1.2626, 
603876, 鼎胜新材, 0, 1.2578, 
002895, 川恒股份, 0, 1.2556, 
300393, 中来股份, 0, 1.2430, 
000663, *ST永林, 0, 1.2186, 
300490, 华自科技, 0, 1.2125, 
300340, 科恒股份, 0, 1.2101, 
300581, 晨曦航空, 0, 1.1951, 
600905, 三峡能源, 0, 1.1887, 
601969, 海南矿业, 0, 1.1849, 
002622, 融钰集团, 0, 1.1831, 
603396, 金辰股份, 0, 1.1258, 
002346, 柘中股份, 0, 1.1245, 
300218, 安利股份, 0, 1.1241, 
600171, 上海贝岭, 0, 1.1110, 
688559, 海目星, 0, 1.1055, 
600365, ST通葡, 0, 1.1016, 
688116, 天奈科技, 0, 1.0984, 
000009, 中国宝安, 0, 1.0894, 
300458, 全志科技, 0, 1.0865, 
600963, 岳阳林纸, 0, 1.0862, 
300343, 联创股份, 0, 1.0775, 
000762, 西藏矿业, 0, 1.0718, 
605339, 南侨食品, 0, 1.0535, 
688005, 容百科技, 0, 1.0507, 
300588, 熙菱信息, 0, 1.0488, 
603738, 泰晶科技, 0, 1.0436, 
002356, *ST赫美, 0, 1.0335, 
300409, 道氏技术, 0, 1.0240, 
002418, 康盛股份, 0, 1.0216, 
300608, 思特奇, 0, 1.0134, 
300325, *ST德威, 0, 1.0000, 
000408, 藏格控股, 0, 0.9984, 
300663, 科蓝软件, 0, 0.9958, 
300505, 川金诺, 0, 0.9950, 
002656, ST摩登, 0, 0.9934, 
002136, 安, 0, 0.9933, 
600771, 广誉远, 0, 0.9932, 
300613, 富瀚微, 0, 0.9880, 
002371, 北方华创, 0, 0.9878, 
000422, 湖北宜化, 0, 0.9809, 
600773, 西藏城投, 0, 0.9799, 
688682, 霍莱沃, 0, 0.9689, 
603659, 璞泰来, 0, 0.9644, 
300264, 佳创视讯, 0, 0.9522, 
002175, *ST东网, 0, 0.9459, 
300655, 晶瑞股份, 0, 0.9443, 
300268, 佳沃股份, 0, 0.9441, 
002201, 九鼎新材, 0, 0.9430, 
002341, 新纶科技, 0, 0.9423, 
688599, 天合光能, 0, 0.9370, 
688680, 海优新材, 0, 0.9356, 
605196, 华通线缆, 0, 0.9323, 
300487, 蓝晓科技, 0, 0.9316, 
300354, 东华测试, 0, 0.9291, 
600744, 华银电力, 0, 0.9278, 
002147, *ST新光, 0, 0.9268, 
603938, 三孚股份, 0, 0.9261, 
002617, 露笑科技, 0, 0.9255, 
001203, 大中矿业, 0, 0.9249, 
688366, 昊海生科, 0, 0.9193, 
300023, *ST宝德, 0, 0.9107, 
688700, 东威科技, 0, 0.9062, 
603098, 森特股份, 0, 0.9020, 
300820, 英杰电气, 0, 0.9014, 
600696, 岩石股份, 0, 0.8964, 
002256, *ST兆新, 0, 0.8909, 
003016, 欣贺股份, 0, 0.8894, 
002667, 鞍重股份, 0, 0.8852, 
600375, 汉马科技, 0, 0.8792, 
688269, 凯立新材, 0, 0.8750, 
605300, 佳禾食品, 0, 0.8741, 
300526, 中潜股份, 0, 0.8738, 
000683, 远兴能源, 0, 0.8733, 
600767, ST运盛, 0, 0.8721, 
603306, 华懋科技, 0, 0.8647, 
000982, 中银绒业, 0, 0.8643, 
600110, 诺德股份, 0, 0.8553, 
300827, 上能电气, 0, 0.8541, 
603518, 锦泓集团, 0, 0.8520, 
002812, 恩捷股份, 0, 0.8511, 
002738, 中矿资源, 0, 0.8482, 
300672, 国科微, 0, 0.8468, 
688018, 乐鑫科技, 0, 0.8436, 
688078, 龙软科技, 0, 0.8379, 
600328, 中盐化工, 0, 0.8375, 
000752, *ST西发, 0, 0.8346, 
002459, 晶澳科技, 0, 0.8326, 
002245, 蔚蓝锂芯, 0, 0.8308, 
002089, ST新海, 0, 0.8301, 
000625, 长安汽车, 0, 0.8300, 
300790, 宇瞳光学, 0, 0.8209, 
688609, 九联科技, 0, 0.8191, 
002091, 江苏国泰, 0, 0.8182, 
300598, 诚迈科技, 0, 0.8035, 
300350, 华鹏飞, 0, 0.8029, 
600146, *ST环球, 0, 0.8028, 
002679, 福建金森, 0, 0.7981, 
600096, 云天化, 0, 0.7823, 
600241, ST时万, 0, 0.7757, 
000158, 常山北明, 0, 0.7711, 
300036, 超图软件, 0, 0.7653, 
002386, 天原股份, 0, 0.7631, 
002772, 众兴菌业, 0, 0.7455, 
603032, *ST德新, 0, 0.7388, 
600460, 士兰微, 0, 0.7324, 
300477, 合纵科技, 0, 0.7303, 
688097, 博众精工, 0, 0.7276, 
000949, 新乡化纤, 0, 0.7223, 
002407, 多氟多, 0, 0.7216, 
300500, 启迪设计, 0, 0.7206, 
300082, 奥克股份, 0, 0.7192, 
300345, 华民股份, 0, 0.7187, 
300769, 德方纳米, 0, 0.7148, 
603324, 盛剑环境, 0, 0.7129, 
605080, 浙江自然, 0, 0.7090, 
300842, 帝科股份, 0, 0.7079, 
002274, 华昌化工, 0, 0.7072, 
300982, 苏文电能, 0, 0.7062, 
002529, 海源复材, 0, 0.7040, 
600327, 大东方, 0, 0.7028, 
300953, 震裕科技, 0, 0.7019, 
002119, 康强电子, 0, 0.7006, 
688551, 科威尔, 0, 0.6996, 
600884, 杉杉股份, 0, 0.6937, 
300727, 润禾材料, 0, 0.6919, 
300708, 聚灿光电, 0, 0.6917, 
002709, 天赐材料, 0, 0.6892, 
000707, *ST双环, 0, 0.6842, 
600652, *ST游久, 0, 0.6803, 
600172, 黄河旋风, 0, 0.6800, 
300748, 金力永磁, 0, 0.6711, 
603893, 瑞芯微, 0, 0.6692, 
300118, 东方日升, 0, 0.6685, 
603799, 华友钴业, 0, 0.6672, 
605337, 李子园, 0, 0.6609, 
000611, *ST天首, 0, 0.6604, 
688636, 智明达, 0, 0.6576, 
688133, 泰坦科技, 0, 0.6560, 
603650, 彤程新材, 0, 0.6478, 
002154, 报, 0, 0.6446, 
300537, 广信材料, 0, 0.6420, 
688516, 奥特维, 0, 0.6415, 
300309, 吉艾科技, 0, 0.6400, 
300890, 翔丰华, 0, 0.6398, 
300305, 裕兴股份, 0, 0.6365, 
300207, 欣旺达, 0, 0.6354, 
000920, 南方汇通, 0, 0.6331, 
300480, 光力科技, 0, 0.6314, 
300382, 斯莱克, 0, 0.6304, 
600478, 科力远, 0, 0.6303, 
605089, 味知香, 0, 0.6278, 
300391, 康跃科技, 0, 0.6239, 
002464, *ST众应, 0, 0.6212, 
300811, 铂科新材, 0, 0.6206, 
002892, 科力尔, 0, 0.6178, 
688536, 思瑞浦, 0, 0.6128, 
688019, 安集科技, 0, 0.6121, 
688518, 联赢激光, 0, 0.6120, 
300829, 金丹科技, 0, 0.6102, 
000848, 承德露露, 0, 0.6098, 
600704, 物产中大, 0, 0.6086, 
688668, 鼎通科技, 0, 0.6080, 
002516, 旷达科技, 0, 0.6079, 
300712, 永福股份, 0, 0.6077, 
000017, 深中华A, 0, 0.6066, 
002805, 丰元股份, 0, 0.6060, 
300593, 新雷能, 0, 0.6054, 
002824, 和胜股份, 0, 0.6048, 
688368, 晶丰明源, 0, 0.6043, 
605369, 拱东医疗, 0, 0.6024, 
600141, 兴发集团, 0, 0.6018, 
603020, 爱普股份, 0, 0.6015, 
603290, 斯达半导, 0, 0.6003, 
003032, 传智教育, 0, 0.5983, 
300353, 东土科技, 0, 0.5974, 
600354, 敦煌种业, 0, 0.5973, 
002192, 融捷股份, 0, 0.5946, 
300680, 隆盛科技, 0, 0.5925, 
300438, 鹏辉能源, 0, 0.5919, 
603657, 春光科技, 0, 0.5919, 
002957, 科瑞技术, 0, 0.5916, 
300763, 锦浪科技, 0, 0.5914, 
603906, 龙蟠科技, 0, 0.5898, 
002108, 沧州明珠, 0, 0.5884, 
605299, 舒华体育, 0, 0.5877, 
688022, 瀚川智能, 0, 0.5869, 
002198, 嘉应制药, 0, 0.5862, 
300506, 名家汇, 0, 0.5856, 
300278, *ST华昌, 0, 0.5845, 
605376, 博迁新材, 0, 0.5822, 
000831, 五矿稀土, 0, 0.5822, 
600760, 中航沈飞, 0, 0.5807, 
601566, 九牧王, 0, 0.5805, 
300334, 津膜科技, 0, 0.5796, 
002760, 凤形股份, 0, 0.5786, 
688598, 金博股份, 0, 0.5780, 
688357, 建龙微纳, 0, 0.5769, 
600699, 均胜电子, 0, 0.5762, 
601919, 中远海控, 0, 0.5755, 
002472, 双环传动, 0, 0.5743, 
300317, 珈伟新能, 0, 0.5719, 
300484, 蓝海华腾, 0, 0.5710, 
000811, 冰轮环境, 0, 0.5699, 
002594, 比亚迪, 0, 0.5691, 
002312, 川发龙蟒, 0, 0.5688, 
600596, 新安股份, 0, 0.5650, 
600418, 江淮汽车, 0, 0.5649, 
300193, 佳士科技, 0, 0.5644, 
688056, 莱伯泰科, 0, 0.5628, 
000893, 亚钾国际, 0, 0.5612, 
300460, 惠伦晶体, 0, 0.5581, 
300205, 天喻信息, 0, 0.5574, 
300456, 赛微电子, 0, 0.5566, 
603879, 永悦科技, 0, 0.5564, 
001205, 盛航股份, 0, 0.5525, 
600251, 冠农股份, 0, 0.5520, 
002466, 天齐锂业, 0, 0.5496, 
688033, 天宜上佳, 0, 0.5491, 
002767, 先锋电子, 0, 0.5474, 
688383, 新益昌, 0, 0.5473, 
600702, 舍得酒业, 0, 0.5470, 
002261, 拓维信息, 0, 0.5463, 
300220, 金运激光, 0, 0.5463, 
002409, 雅克科技, 0, 0.5457, 
600587, 新华医疗, 0, 0.5454, 
600608, ST沪科, 0, 0.5448, 
688286, 敏芯股份, 0, 0.5448, 
002629, ST仁智, 0, 0.5440, 
600399, 抚顺特钢, 0, 0.5428, 
300475, 聚隆科技, 0, 0.5410, 
603157, *ST拉夏, 0, 0.5368, 
603025, 大豪科技, 0, 0.5368, 
000737, 南风化工, 0, 0.5366, 
300037, 新宙邦, 0, 0.5337, 
600091, *ST明科, 0, 0.5333, 
688128, 中国电研, 0, 0.5321, 
600238, 海南椰岛, 0, 0.5300, 
300806, 斯迪克, 0, 0.5300, 
002850, 科达利, 0, 0.5287, 
300215, 电科院, 0, 0.5261, 
688662, 富信科技, 0, 0.5249, 
300069, 金利华电, 0, 0.5249, 
300057, 万顺新材, 0, 0.5240, 
002416, 爱施德, 0, 0.5211, 
300034, 钢研高纳, 0, 0.5207, 
688359, 三孚新科, 0, 0.5197, 
688590, 新致软件, 0, 0.5173, 
002176, 江特电机, 0, 0.5171, 
688630, 芯碁微装, 0, 0.5169, 
603733, 仙鹤股份, 0, 0.5163, 
300287, 飞利信, 0, 0.5152, 
300447, 全信股份, 0, 0.5152, 
600225, *ST松江, 0, 0.5145, 
300117, 嘉寓股份, 0, 0.5141, 
603717, 天域生态, 0, 0.5126, 
603937, XD丽岛新, 0, 0.5109, 
600084, *ST中葡, 0, 0.5109, 
603897, 长城科技, 0, 0.5108, 
300619, 金银河, 0, 0.5104, 
000780, ST平能, 0, 0.5095, 
300591, 万里马, 0, 0.5064, 
300919, 中伟股份, 0, 0.5058, 
603690, 至纯科技, 0, 0.5037, 
300543, 朗科智能, 0, 0.5025, 
300722, 新余国科, 0, 0.5021, 
002426, 胜利精密, 0, 0.5000, 
688012, 中微公司, 0, 0.4987, 
300620, 光库科技, 0, 0.4972, 
688093, 世华科技, 0, 0.4968, 
603155, 新亚强, 0, 0.4965, 
300887, 谱尼测试, 0, 0.4958, 
688007, 光峰科技, 0, 0.4955, 
000301, 东方盛虹, 0, 0.4943, 
000687, *ST华讯, 0, 0.4941, 
688356, 键凯科技, 0, 0.4918, 
600481, 双良节能, 0, 0.4912, 
688186, 广大特材, 0, 0.4905, 
300158, 振东制药, 0, 0.4904, 
600311, ST荣华, 0, 0.4902, 
300260, 新莱应材, 0, 0.4898, 
002009, 天奇股份, 0, 0.4887, 
300123, 亚光科技, 0, 0.4878, 
603806, 福斯特, 0, 0.4873, 
300184, 力源信息, 0, 0.4867, 
000595, *ST宝实, 0, 0.4860, 
002045, 国光电器, 0, 0.4847, 
601865, 福莱特, 0, 0.4839, 
600234, 山水文化, 0, 0.4837, 
600306, *ST商城, 0, 0.4836, 
000993, 闽东电力, 0, 0.4827, 
600714, 金瑞矿业, 0, 0.4821, 
600428, 中远海特, 0, 0.4816, 
002335, 科华数据, 0, 0.4808, 
600781, ST辅仁, 0, 0.4804, 
300634, 彩讯股份, 0, 0.4799, 
688063, 派能科技, 0, 0.4795, 
002765, 蓝黛科技, 0, 0.4769, 
688065, 凯赛生物, 0, 0.4768, 
600579, 克劳斯, 0, 0.4757, 
300430, 诚益通, 0, 0.4754, 
688200, 华峰测控, 0, 0.4744, 
603595, 东尼电子, 0, 0.4723, 
300397, 天和防务, 0, 0.4720, 
300182, 捷成股份, 0, 0.4697, 
601633, 长城汽车, 0, 0.4696, 
300327, 中颖电子, 0, 0.4682, 
600610, 中毅达, 0, 0.4682, 
000803, 北清环能, 0, 0.4666, 
600518, *ST康美, 0, 0.4653, 
600111, 北方稀土, 0, 0.4645, 
300223, 北京君正, 0, 0.4637, 
600619, 海立股份, 0, 0.4592, 
300346, 南大光电, 0, 0.4588, 
300319, 麦捷科技, 0, 0.4582, 
002900, 哈三联, 0, 0.4575, 
688157, 松井股份, 0, 0.4575, 
600599, ST熊猫, 0, 0.4569, 
002049, 紫光国微, 0, 0.4561, 
300076, GQY视讯, 0, 0.4558, 
688003, 天准科技, 0, 0.4544, 
603995, 甬金股份, 0, 0.4543, 
002167, 东方锆业, 0, 0.4537, 
300055, 万邦达, 0, 0.4523, 
002716, 金贵银业, 0, 0.4520, 
600055, 万东医疗, 0, 0.4520, 
605162, 新中港, 0, 0.4519, 
603300, 华铁应急, 0, 0.4515, 
603800, 道森股份, 0, 0.4508, 
000995, 皇台酒业, 0, 0.4505, 
002585, 双星新材, 0, 0.4472, 
002240, 盛新锂能, 0, 0.4471, 
600367, 红星发展, 0, 0.4449, 
600423, 柳化股份, 0, 0.4415, 
603001, 奥康国际, 0, 0.4414, 
600444, 国机通用, 0, 0.4402, 
600869, 远东股份, 0, 0.4399, 
600193, 创兴资源, 0, 0.4398, 
603303, 得邦照明, 0, 0.4396, 
603688, 石英股份, 0, 0.4391, 
603283, 赛腾股份, 0, 0.4391, 
002862, 实丰文化, 0, 0.4390, 
601238, 广汽集团, 0, 0.4387, 
001207, 联科科技, 0, 0.4381, 
688595, 芯海科技, 0, 0.4368, 
600976, 健民集团, 0, 0.4346, 
300270, 中威电子, 0, 0.4340, 
002129, 中环股份, 0, 0.4320, 
002141, 贤丰控股, 0, 0.4311, 
601117, 中国化学, 0, 0.4309, 
600666, ST瑞德, 0, 0.4306, 
002908, 德生科技, 0, 0.4300, 
603399, 吉翔股份, 0, 0.4289, 
000806, ST银河, 0, 0.4286, 
300457, 赢合科技, 0, 0.4286, 
300576, 容大感光, 0, 0.4284, 
300352, 北信源, 0, 0.4273, 
600381, 青海春天, 0, 0.4260, 
002127, 南极电商, 0, 0.4235, 
300171, 东富龙, 0, 0.4223, 
002685, 华东重机, 0, 0.4222, 
688519, 南亚新材, 0, 0.4213, 
300029, *ST天龙, 0, 0.4204, 
300661, 圣邦股份, 0, 0.4203, 
000523, *ST浪奇, 0, 0.4202, 
300706, 阿石创, 0, 0.4201, 
600275, *ST昌鱼, 0, 0.4198, 
002094, 青岛金王, 0, 0.4190, 
300736, 百邦科技, 0, 0.4180, 
000504, 南华生物, 0, 0.4178, 
603822, 嘉澳环保, 0, 0.4172, 
688560, 明冠新材, 0, 0.4171, 
300301, 长方集团, 0, 0.4137, 
002638, *ST勤上, 0, 0.4134, 
300410, 正业科技, 0, 0.4115, 
688233, 神工股份, 0, 0.4100, 
688138, 清溢光电, 0, 0.4098, 
002741, 光华科技, 0, 0.4094, 
688077, 大地熊, 0, 0.4087, 
300750, 宁德时代, 0, 0.4072, 
600549, 厦门钨业, 0, 0.4071, 
002623, 亚玛顿, 0, 0.4066, 
688661, 和林微纳, 0, 0.4048, 
300234, 开尔新材, 0, 0.4045, 
000980, *ST众泰, 0, 0.4044, 
600392, 盛和资源, 0, 0.4027, 
300641, 正丹股份, 0, 0.4026, 
300312, *ST邦讯, 0, 0.4015, 
600063, 皖维高新, 0, 0.4005, 
300283, 温州宏丰, 0, 0.4004, 
002074, 国轩高科, 0, 0.4004, 
601866, 中远海发, 0, 0.4000, 
300656, 民德电子, 0, 0.3983, 
688155, 先惠技术, 0, 0.3982, 
002502, 鼎龙文化, 0, 0.3980, 
603667, 五洲新春, 0, 0.3975, 
002881, 美格智能, 0, 0.3973, 
000935, 四川双马, 0, 0.3970, 
000635, 英, 0, 0.3966, 
002651, 利君股份, 0, 0.3960, 
002428, 云南锗业, 0, 0.3956, 
688101, 三达膜, 0, 0.3949, 
300779, 惠城环保, 0, 0.3944, 
002490, 山东墨龙, 0, 0.3943, 
688328, 深科达, 0, 0.3938, 
688386, 泛亚微透, 0, 0.3931, 
300040, 九洲集团, 0, 0.3929, 
300363, 博腾股份, 0, 0.3927, 
300073, 当升科技, 0, 0.3925, 
002756, 永兴材料, 0, 0.3911, 
300160, 秀强股份, 0, 0.3910, 
300554, 三超新材, 0, 0.3899, 
000906, 浙商中拓, 0, 0.3896, 
002916, 深南电路, 0, 0.3885, 
688689, 银河微电, 0, 0.3885, 
688160, 步科股份, 0, 0.3883, 
600470, 六国化工, 0, 0.3882, 
300102, 乾照光电, 0, 0.3882, 
600123, 兰花科创, 0, 0.3881, 
000655, 金岭矿业, 0, 0.3875, 
600421, 华嵘控股, 0, 0.3875, 
603185, 上机数控, 0, 0.3872, 
600095, 湘财股份, 0, 0.3863, 
002036, 联创电子, 0, 0.3863, 
600173, 卧龙地产, 0, 0.3862, 
002536, 飞龙股份, 0, 0.3861, 
002460, 赣锋锂业, 0, 0.3856, 
002353, 杰瑞股份, 0, 0.3850, 
688323, 瑞华泰, 0, 0.3847, 
300236, 上海新阳, 0, 0.3835, 
000532, 华金资本, 0, 0.3833, 
000572, 海马汽车, 0, 0.3832, 
300062, 中能电气, 0, 0.3825, 
601127, 小康股份, 0, 0.3816, 
300087, 荃银高科, 0, 0.3789, 
300648, 星云股份, 0, 0.3789, 
300266, 兴源环境, 0, 0.3785, 
688556, 高测股份, 0, 0.3773, 
300370, ST安控, 0, 0.3772, 
300405, 科隆股份, 0, 0.3759, 
688567, 孚能科技, 0, 0.3750, 
600993, 马应龙, 0, 0.3746, 
600291, *ST西水, 0, 0.3745, 
603986, 兆易创新, 0, 0.3733, 
600129, 太极集团, 0, 0.3730, 
300491, 通合科技, 0, 0.3730, 
600060, 海信视像, 0, 0.3726, 
605358, 立昂微, 0, 0.3723, 
603486, 科沃斯, 0, 0.3714, 
603958, 哈森股份, 0, 0.3710, 
002436, 兴森科技, 0, 0.3709, 
000657, 中钨高新, 0, 0.3691, 
300614, 百川畅银, 0, 0.3681, 
300861, 美畅股份, 0, 0.3680, 
002411, 延安必康, 0, 0.3674, 
002254, 泰和新材, 0, 0.3667, 
300421, 力星股份, 0, 0.3666, 
688589, 力合微, 0, 0.3656, 
603068, 博通集成, 0, 0.3653, 
300001, 特锐德, 0, 0.3646, 
300046, 台基股份, 0, 0.3639, 
688363, 华熙生物, 0, 0.3635, 
300752, 隆利科技, 0, 0.3628, 
688333, 铂力特, 0, 0.3627, 
003022, 联泓新科, 0, 0.3605, 
002196, 方正电机, 0, 0.3605, 
688677, 海泰新光, 0, 0.3602, 
300638, 广和通, 0, 0.3597, 
688396, 华润微, 0, 0.3587, 
600070, 浙江富润, 0, 0.3580, 
300379, 东方通, 0, 0.3578, 
603722, 阿科力, 0, 0.3577, 
002580, 圣阳股份, 0, 0.3574, 
688185, 康希诺-U, 0, 0.3574, 
300602, 飞荣达, 0, 0.3573, 
300208, 青岛中程, 0, 0.3569, 
688135, 利扬芯片, 0, 0.3566, 
688390, 固德威, 0, 0.3533, 
688081, 兴图新科, 0, 0.3531, 
600459, 贵研铂业, 0, 0.3529, 
300516, 久之洋, 0, 0.3524, 
300821, 东岳硅材, 0, 0.3517, 
688006, 杭可科技, 0, 0.3515, 
300850, 新强联, 0, 0.3514, 
002247, 聚力文化, 0, 0.3510, 
000969, 安泰科技, 0, 0.3506, 
600725, 云维股份, 0, 0.3505, 
600316, 洪都航空, 0, 0.3504, 
300624, 万兴科技, 0, 0.3495, 
600870, *ST厦华, 0, 0.3490, 
603260, 合盛硅业, 0, 0.3488, 
600265, *ST景谷, 0, 0.3487, 
002538, 司尔特, 0, 0.3470, 
600663, 陆家嘴, 0, 0.3468, 
600563, 法拉电子, 0, 0.3467, 
002978, 安宁股份, 0, 0.3463, 
603196, 日播时尚, 0, 0.3453, 
603912, 佳力图, 0, 0.3446, 
002010, 传化智联, 0, 0.3444, 
603587, 地素时尚, 0, 0.3441, 
002006, 精功科技, 0, 0.3436, 
000818, 航锦科技, 0, 0.3436, 
600499, 科达制造, 0, 0.3427, 
300751, 迈为股份, 0, 0.3425, 
300275, 梅安森, 0, 0.3421, 
002724, 海洋王, 0, 0.3415, 
002227, 奥, 0, 0.3412, 
002316, 亚联发展, 0, 0.3401, 
300649, 杭州园林, 0, 0.3400, 
300650, 太龙照明, 0, 0.3385, 
600893, 航发动力, 0, 0.3382, 
002080, 中材科技, 0, 0.3381, 
300508, 维宏股份, 0, 0.3381, 
688050, 爱博医疗, 0, 0.3378, 
002506, 协鑫集成, 0, 0.3376, 
688408, 中信博, 0, 0.3376, 
603630, 拉芳家化, 0, 0.3375, 
000835, *ST长动, 0, 0.3364, 
300894, 火星人, 0, 0.3363, 
300694, 蠡湖股份, 0, 0.3355, 
688521, 芯原股份-U, 0, 0.3348, 
600338, 西藏珠峰, 0, 0.3347, 
300115, 长盈精密, 0, 0.3337, 
300124, 汇川技术, 0, 0.3336, 
600734, *ST实达, 0, 0.3333, 
002309, 中利集团, 0, 0.3333, 
601828, 美凯龙, 0, 0.3330, 
688625, 呈和科技, 0, 0.3328, 
688388, 嘉元科技, 0, 0.3327, 
300520, 科大国创, 0, 0.3327, 
300592, 华凯创意, 0, 0.3327, 
300108, 吉药控股, 0, 0.3322, 
300416, 苏试试验, 0, 0.3312, 
002627, 宜昌交运, 0, 0.3308, 
300745, 欣锐科技, 0, 0.3306, 
000983, 山西焦煤, 0, 0.3304, 
600307, 酒钢宏兴, 0, 0.3298, 
600586, 金晶科技, 0, 0.3295, 
600862, 中航高科, 0, 0.3294, 
603063, 禾望电气, 0, 0.3294, 
300373, 扬杰科技, 0, 0.3288, 
300448, 浩云科技, 0, 0.3281, 
688533, 上声电子, 0, 0.3280, 
002442, 龙星化工, 0, 0.3278, 
603529, 爱玛科技, 0, 0.3270, 
300014, 亿纬锂能, 0, 0.3263, 
300071, *ST嘉信, 0, 0.3256, 
600355, 精伦电子, 0, 0.3242, 
603379, 三美股份, 0, 0.3241, 
600695, *ST绿庭, 0, 0.3237, 
300217, 东方电热, 0, 0.3228, 
002139, 拓邦股份, 0, 0.3226, 
002149, 西部材料, 0, 0.3222, 
600582, 天地科技, 0, 0.3214, 
300114, 中航电测, 0, 0.3208, 
300560, 中富通, 0, 0.3206, 
002025, 航天电器, 0, 0.3201, 
002497, 雅化集团, 0, 0.3201, 
002408, 齐翔腾达, 0, 0.3198, 
601600, 中国铝业, 0, 0.3198, 
600230, 沧州大化, 0, 0.3198, 
300204, 舒泰神, 0, 0.3191, 
002218, 拓日新能, 0, 0.3191, 
300618, 寒锐钴业, 0, 0.3188, 
300776, 帝尔激光, 0, 0.3179, 
600615, *ST丰华, 0, 0.3175, 
600641, 万业企业, 0, 0.3169, 
002473, *ST圣莱, 0, 0.3168, 
600751, 海航科技, 0, 0.3163, 
300424, 航新科技, 0, 0.3157, 
300053, 欧比特, 0, 0.3155, 
600206, 有研新材, 0, 0.3151, 
300274, 阳光电源, 0, 0.3146, 
002923, 润都股份, 0, 0.3146, 
300166, 东方国信, 0, 0.3145, 
002023, 海特高新, 0, 0.3142, 
300127, 银河磁体, 0, 0.3132, 
000966, 长源电力, 0, 0.3128, 
600779, 水井坊, 0, 0.3124, 
300691, 联合光电, 0, 0.3124, 
002780, 三夫户外, 0, 0.3119, 
603223, 恒通股份, 0, 0.3119, 
600992, 贵绳股份, 0, 0.3111, 
688258, 卓易信息, 0, 0.3110, 
603931, 格林达, 0, 0.3102, 
605319, 无锡振华, 0, 0.3098, 
300324, 旋极信息, 0, 0.3097, 
002614, 奥佳华, 0, 0.3095, 
600257, 大湖股份, 0, 0.3091, 
688221, 前沿生物-U, 0, 0.3083, 
300721, 怡达股份, 0, 0.3080, 
300342, 天银机电, 0, 0.3080, 
300623, 捷捷微电, 0, 0.3072, 
002527, 新时达, 0, 0.3069, 
300316, 晶盛机电, 0, 0.3069, 
688665, 四方光电, 0, 0.3063, 
300099, 精准信息, 0, 0.3058, 
300546, 雄帝科技, 0, 0.3057, 
600281, 太化股份, 0, 0.3052, 
600348, XD华阳股, 0, 0.3043, 
600389, 江山股份, 0, 0.3033, 
300793, 佳禾智能, 0, 0.3028, 
600765, 中航重机, 0, 0.3017, 
300615, 欣天科技, 0, 0.3016, 
688611, 杭州柯林, 0, 0.3012, 
300478, 杭州高新, 0, 0.3009, 
300775, 三角防务, 0, 0.3008, 
300915, 海融科技, 0, 0.3007, 
002646, 青青稞酒, 0, 0.3004, 
300831, 派瑞股份, 0, 0.3003, 
300376, 易事特, 0, 0.3002, 
688378, 奥来德, 0, 0.2987, 
300411, 金盾股份, 0, 0.2984, 
601012, 隆基股份, 0, 0.2981, 
300297, 蓝盾股份, 0, 0.2979, 
300398, 飞凯材料, 0, 0.2978, 
300637, 扬帆新材, 0, 0.2976, 
300726, 宏达电子, 0, 0.2971, 
600703, 三安光电, 0, 0.2970, 
688607, 康众医疗, 0, 0.2969, 
002676, 顺威股份, 0, 0.2969, 
600654, ST中安, 0, 0.2968, 
300444, 双杰电气, 0, 0.2967, 
300276, 三丰智能, 0, 0.2965, 
600293, 三峡新材, 0, 0.2964, 
002284, 亚太股份, 0, 0.2962, 
002021, ST中捷, 0, 0.2961, 
000733, 振华科技, 0, 0.2954, 
300222, 科大智能, 0, 0.2948, 
600165, 新日恒力, 0, 0.2944, 
300547, 川环科技, 0, 0.2943, 
603565, 中谷物流, 0, 0.2941, 
600500, 中化国际, 0, 0.2939, 
688159, 有方科技, 0, 0.2930, 
300541, 先进数通, 0, 0.2927, 
603078, 江化微, 0, 0.2922, 
002121, 科陆电子, 0, 0.2921, 
688288, 鸿泉物联, 0, 0.2921, 
002496, ST辉丰, 0, 0.2918, 
300705, 九典制药, 0, 0.2918, 
688508, 芯朋微, 0, 0.2914, 
000929, 兰州黄河, 0, 0.2914, 
600889, 南京化纤, 0, 0.2913, 
600456, 宝钛股份, 0, 0.2910, 
600721, *ST百花, 0, 0.2908, 
300233, 金城医药, 0, 0.2903, 
300514, 友讯达, 0, 0.2902, 
688788, 科思科技, 0, 0.2902, 
002145, 中核钛白, 0, 0.2894, 
688596, 正帆科技, 0, 0.2888, 
000962, 东方钽业, 0, 0.2882, 
603678, XD火炬电, 0, 0.2878, 
300609, 汇纳科技, 0, 0.2869, 
300007, 汉威科技, 0, 0.2866, 
688191, 智洋创新, 0, 0.2866, 
300157, 恒泰艾普, 0, 0.2857, 
600727, 鲁北化工, 0, 0.2857, 
300332, 天壕环境, 0, 0.2857, 
002433, 太安堂, 0, 0.2857, 
000830, 鲁西化工, 0, 0.2841, 
300626, 华瑞股份, 0, 0.2838, 
002747, 埃斯顿, 0, 0.2835, 
000036, 华联控股, 0, 0.2830, 
300137, 先河环保, 0, 0.2827, 
688066, 航天宏图, 0, 0.2820, 
300507, 苏奥传感, 0, 0.2818, 
300709, 精研科技, 0, 0.2817, 
300200, 高盟新材, 0, 0.2816, 
600007, 中国国贸, 0, 0.2814, 
300320, 海达股份, 0, 0.2813, 
600330, 天通股份, 0, 0.2811, 
601678, 滨化股份, 0, 0.2810, 
002885, 京泉华, 0, 0.2807, 
300258, 精锻科技, 0, 0.2806, 
605098, 行动教育, 0, 0.2801, 
300911, 亿田智能, 0, 0.2800, 
002650, ST加加, 0, 0.2798, 
300739, 明阳电路, 0, 0.2797, 
688686, 奥普特, 0, 0.2792, 
600836, 上海易连, 0, 0.2791, 
688316, 青云科技-U, 0, 0.2786, 
601222, XD林洋能, 0, 0.2782, 
002547, 春兴精工, 0, 0.2781, 
002289, 宇顺电子, 0, 0.2777, 
300419, 浩丰科技, 0, 0.2775, 
600360, 华微电子, 0, 0.2775, 
300101, 振芯科技, 0, 0.2774, 
605168, 三人行, 0, 0.2772, 
000059, 华锦股份, 0, 0.2771, 
600436, 片仔癀, 0, 0.2767, 
300666, 江丰电子, 0, 0.2758, 
688628, 优利德, 0, 0.2756, 
600198, *ST大唐, 0, 0.2754, 
000034, 神州数码, 0, 0.2751, 
688198, 佰仁医疗, 0, 0.2748, 
300049, 福瑞股份, 0, 0.2745, 
300549, 优德精密, 0, 0.2744, 
300025, 华星创业, 0, 0.2741, 
300235, 方直科技, 0, 0.2735, 
300777, 中简科技, 0, 0.2734, 
601528, 瑞丰银行, 0, 0.2731, 
600509, XD天富能, 0, 0.2727, 
601106, 中国一重, 0, 0.2727, 
688268, 华特气体, 0, 0.2725, 
688088, 虹软科技, 0, 0.2720, 
300191, 潜能恒信, 0, 0.2716, 
300221, 银禧科技, 0, 0.2712, 
002125, 湘潭电化, 0, 0.2709, 
300173, 福能东方, 0, 0.2700, 
688122, 西部超导, 0, 0.2700, 
688168, 安博通, 0, 0.2700, 
002518, 科士达, 0, 0.2695, 
002199, 东晶电子, 0, 0.2689, 
300429, 强力新材, 0, 0.2689, 
300713, 英可瑞, 0, 0.2681, 
600698, 湖南天雁, 0, 0.2674, 
600081, 东风科技, 0, 0.2670, 
688100, 威胜信息, 0, 0.2668, 
601015, 陕西黑猫, 0, 0.2667, 
002079, 苏州固锝, 0, 0.2664, 
000938, 紫光股份, 0, 0.2664, 
601665, 齐鲁银行, 0, 0.2659, 
300512, 中亚股份, 0, 0.2659, 
600259, 广晟有色, 0, 0.2658, 
688123, 聚辰股份, 0, 0.2658, 
688260, 昀冢科技, 0, 0.2656, 
300730, 科创信息, 0, 0.2654, 
600010, 包钢股份, 0, 0.2653, 
300183, 东软载波, 0, 0.2647, 
603628, 清源股份, 0, 0.2643, 
002835, 同为股份, 0, 0.2642, 
300977, 深圳瑞捷, 0, 0.2641, 
300474, 景嘉微, 0, 0.2636, 
603077, 和邦生物, 0, 0.2635, 
002648, 卫星石化, 0, 0.2632, 
300719, 安达维尔, 0, 0.2623, 
300716, 国立科技, 0, 0.2620, 
002248, 华东数控, 0, 0.2615, 
300052, 中青宝, 0, 0.2613, 
300331, 苏大维格, 0, 0.2611, 
300126, 锐奇股份, 0, 0.2609, 
603297, 永新光学, 0, 0.2609, 
300105, 龙源技术, 0, 0.2607, 
003031, 中瓷电子, 0, 0.2604, 
300925, 法本信息, 0, 0.2603, 
600385, *ST金泰, 0, 0.2602, 
600207, 安彩高科, 0, 0.2602, 
300471, 厚普股份, 0, 0.2601, 
002876, 三利谱, 0, 0.2597, 
688617, 惠泰医疗, 0, 0.2597, 
601038, XD一拖股, 0, 0.2593, 
300323, 华灿光电, 0, 0.2590, 
300718, 长盛轴承, 0, 0.2588, 
000409, 云鼎科技, 0, 0.2587, 
601636, 旗滨集团, 0, 0.2585, 
300241, 瑞丰光电, 0, 0.2582, 
002077, 大港股份, 0, 0.2579, 
603867, 新化股份, 0, 0.2575, 
000551, 创元科技, 0, 0.2575, 
300252, 金信诺, 0, 0.2574, 
600090, *ST济堂, 0, 0.2574, 
300164, 通源石油, 0, 0.2573, 
002448, 中原内配, 0, 0.2570, 
603138, 海量数据, 0, 0.2564, 
603825, 华扬联众, 0, 0.2563, 
300344, 立方数科, 0, 0.2557, 
300162, 雷曼光电, 0, 0.2557, 
002475, 立讯精密, 0, 0.2556, 
688580, 伟思医疗, 0, 0.2555, 
600715, 文投控股, 0, 0.2552, 
300803, 指南针, 0, 0.2552, 
300711, 广哈通信, 0, 0.2550, 
600506, *ST香梨, 0, 0.2546, 
002723, 金莱特, 0, 0.2544, 
601699, 潞安环能, 0, 0.2534, 
300333, 兆日科技, 0, 0.2534, 
002180, 纳思达, 0, 0.2534, 
002564, 天沃科技, 0, 0.2531, 
688059, 华锐精密, 0, 0.2530, 
300453, 三鑫医疗, 0, 0.2526, 
002288, 超华科技, 0, 0.2525, 
002508, 老板电器, 0, 0.2524, 
002636, 金安国纪, 0, 0.2518, 
600363, 联创光电, 0, 0.2518, 
688188, 柏楚电子, 0, 0.2517, 
300120, 经纬辉开, 0, 0.2516, 
000007, *ST全新, 0, 0.2513, 
600759, 洲际油气, 0, 0.2513, 
688568, 中科星图, 0, 0.2513, 
002858, 力盛赛车, 0, 0.2510, 
300250, 初灵信息, 0, 0.2508, 
300807, 天迈科技, 0, 0.2507, 
600732, 爱旭股份, 0, 0.2504, 
601886, 江河集团, 0, 0.2504, 
300738, 奥飞数据, 0, 0.2496, 
300375, 鹏翎股份, 0, 0.2493, 
300772, 运达股份, 0, 0.2492, 
002620, 瑞和股份, 0, 0.2487, 
300096, 易联众, 0, 0.2486, 
002169, 智光电气, 0, 0.2486, 
300587, 天铁股份, 0, 0.2485, 
300139, 晓程科技, 0, 0.2484, 
600766, *ST园城, 0, 0.2481, 
000960, 锡业股份, 0, 0.2479, 
688239, 航宇科技, 0, 0.2477, 
603777, 来伊份, 0, 0.2470, 
603779, ST威龙, 0, 0.2469, 
000711, 京蓝科技, 0, 0.2466, 
300080, 易成新能, 0, 0.2456, 
300167, 迪威迅, 0, 0.2456, 
300556, 丝路视觉, 0, 0.2455, 
300153, 科泰电源, 0, 0.2455, 
600770, 综艺股份, 0, 0.2451, 
603189, 网达软件, 0, 0.2450, 
300767, 震安科技, 0, 0.2448, 
300306, 远方信息, 0, 0.2441, 
300056, 中创环保, 0, 0.2439, 
605378, 野马电池, 0, 0.2426, 
300005, 探路者, 0, 0.2425, 
600122, ST宏图, 0, 0.2419, 
600536, 中国软件, 0, 0.2417, 
300224, 正海磁材, 0, 0.2413, 
002664, 长鹰信质, 0, 0.2412, 
300176, 派生科技, 0, 0.2411, 
300810, 中科海讯, 0, 0.2410, 
000066, 中国长城, 0, 0.2405, 
002015, 协鑫能科, 0, 0.2404, 
688199, 久日新材, 0, 0.2399, 
002048, 宁波华翔, 0, 0.2398, 
600221, *ST海航, 0, 0.2395, 
300759, 康龙化成, 0, 0.2394, 
002223, 鱼跃医疗, 0, 0.2394, 
000822, 山东海化, 0, 0.2392, 
300647, 超频三, 0, 0.2391, 
300279, 和晶科技, 0, 0.2387, 
000829, 天音控股, 0, 0.2387, 
300330, 华虹计通, 0, 0.2383, 
002190, 成飞集成, 0, 0.2382, 
300689, 澄天伟业, 0, 0.2382, 
603511, 爱慕股份, 0, 0.2378, 
600667, 太极实业, 0, 0.2368, 
300627, 华测导航, 0, 0.2368, 
605399, 晨光新材, 0, 0.2367, 
300579, 数字认证, 0, 0.2367, 
600580, 卧龙电驱, 0, 0.2366, 
300489, 中飞股份, 0, 0.2363, 
300135, 宝利国际, 0, 0.2361, 
600769, 祥龙电业, 0, 0.2361, 
688118, 普元信息, 0, 0.2353, 
300293, 蓝英装备, 0, 0.2350, 
300493, 润欣科技, 0, 0.2336, 
300019, 硅宝科技, 0, 0.2330, 
688025, 杰普特, 0, 0.2323, 
601958, 金钼股份, 0, 0.2319, 
600851, 海欣股份, 0, 0.2316, 
300378, 鼎捷软件, 0, 0.2315, 
300159, 新研股份, 0, 0.2313, 
688586, 江航装备, 0, 0.2311, 
688369, 致远互联, 0, 0.2310, 
300466, 赛摩智能, 0, 0.2298, 
688683, 莱尔科技, 0, 0.2295, 
600426, 华鲁恒升, 0, 0.2293, 
300746, 汉嘉设计, 0, 0.2292, 
300797, 钢研纳克, 0, 0.2276, 
300328, 宜安科技, 0, 0.2275, 
603596, 伯特利, 0, 0.2274, 
688113, 联测科技, 0, 0.2269, 
300742, 越博动力, 0, 0.2269, 
300072, 三聚环保, 0, 0.2266, 
002645, 华宏科技, 0, 0.2265, 
600816, ST安信, 0, 0.2260, 
600439, 瑞贝卡, 0, 0.2256, 
002719, *ST麦趣, 0, 0.2255, 
002520, 日发精机, 0, 0.2254, 
300237, 美晨生态, 0, 0.2251, 
002445, 中南文化, 0, 0.2248, 
300717, 华信新材, 0, 0.2248, 
000887, 中鼎股份, 0, 0.2245, 
600876, 洛阳玻璃, 0, 0.2237, 
002943, 宇晶股份, 0, 0.2237, 
002455, 百川股份, 0, 0.2233, 
300095, 华伍股份, 0, 0.2233, 
300629, 新劲刚, 0, 0.2223, 
002470, *ST金正, 0, 0.2222, 
002655, 共达电声, 0, 0.2221, 
300504, 天邑股份, 0, 0.2214, 
300201, 海伦哲, 0, 0.2210, 
002132, 恒星科技, 0, 0.2204, 
300066, 三川智慧, 0, 0.2201, 
600186, 莲花健康, 0, 0.2198, 
002182, 云海金属, 0, 0.2195, 
603787, 新日股份, 0, 0.2195, 
000155, 川能动力, 0, 0.2188, 
002872, ST天圣, 0, 0.2186, 
600319, *ST亚星, 0, 0.2185, 
300567, 精测电子, 0, 0.2183, 
002185, 华天科技, 0, 0.2175, 
300555, 路通视信, 0, 0.2175, 
603116, 红蜻蜓, 0, 0.2174, 
600006, 东风汽车, 0, 0.2172, 
300743, 天地数码, 0, 0.2166, 
002188, *ST巴士, 0, 0.2161, 
002273, 水晶光电, 0, 0.2161, 
600379, 宝光股份, 0, 0.2158, 
300445, 康斯特, 0, 0.2156, 
688550, 瑞联新材, 0, 0.2154, 
300733, 西菱动力, 0, 0.2154, 
300134, 大富科技, 0, 0.2146, 
300899, 上海凯鑫, 0, 0.2145, 
002870, 香山股份, 0, 0.2143, 
300699, 光威复材, 0, 0.2140, 
688179, 阿拉丁, 0, 0.2140, 
603979, 金诚信, 0, 0.2136, 
300402, 宝色股份, 0, 0.2136, 
603022, 新通联, 0, 0.2135, 
300467, 迅游科技, 0, 0.2134, 
603901, 永创智能, 0, 0.2133, 
600309, 万华化学, 0, 0.2133, 
002644, 佛慈制药, 0, 0.2131, 
300335, 迪森股份, 0, 0.2127, 
600076, 康欣新材, 0, 0.2126, 
603909, 合诚股份, 0, 0.2119, 
600834, 申通地铁, 0, 0.2118, 
000821, 京山轻机, 0, 0.2114, 
300414, 中光防雷, 0, 0.2113, 
300532, 今天国际, 0, 0.2110, 
300112, 万讯自控, 0, 0.2108, 
600160, 巨化股份, 0, 0.2106, 
300858, 科拓生物, 0, 0.2106, 
600755, 厦门国贸, 0, 0.2106, 
600213, 亚星客车, 0, 0.2099, 
300047, 天源迪科, 0, 0.2098, 
600366, 宁波韵升, 0, 0.2097, 
002230, 科大讯飞, 0, 0.2094, 
300366, 创意信息, 0, 0.2093, 
002232, 启明信息, 0, 0.2091, 
300446, *ST乐材, 0, 0.2090, 
688127, 蓝特光学, 0, 0.2089, 
002123, 梦网科技, 0, 0.2084, 
600691, 阳煤化工, 0, 0.2082, 
600237, 铜峰电子, 0, 0.2082, 
603505, 金石资源, 0, 0.2082, 
000972, *ST中基, 0, 0.2081, 
688080, 映翰通, 0, 0.2079, 
300286, 安科瑞, 0, 0.2076, 
605111, 新洁能, 0, 0.2072, 
300064, *ST金刚, 0, 0.2065, 
688678, 福立旺, 0, 0.2064, 
601068, 中铝国际, 0, 0.2063, 
688108, 赛诺医疗, 0, 0.2058, 
002101, 广东鸿图, 0, 0.2057, 
688663, 新风光, 0, 0.2056, 
603289, 泰瑞机器, 0, 0.2056, 
300847, 中船汉光, 0, 0.2056, 
000413, 东旭光电, 0, 0.2053, 
300359, 全通教育, 0, 0.2051, 
603633, 徕木股份, 0, 0.2048, 
002457, 青龙管业, 0, 0.2048, 
600710, 苏美达, 0, 0.2047, 
300154, 瑞凌股份, 0, 0.2044, 
300628, 亿联网络, 0, 0.2043, 
002484, 江海股份, 0, 0.2040, 
000045, 深纺织Ａ, 0, 0.2039, 
601677, 明泰铝业, 0, 0.2037, 
002902, 铭普光磁, 0, 0.2033, 
688256, 寒武纪-U, 0, 0.2032, 
000712, 锦龙股份, 0, 0.2031, 
002514, 宝馨科技, 0, 0.2027, 
600462, ST九有, 0, 0.2025, 
300165, 天瑞仪器, 0, 0.2024, 
300539, 横河精密, 0, 0.2023, 
002297, 博云新材, 0, 0.2023, 
603348, 文灿股份, 0, 0.2022, 
688219, 会通股份, 0, 0.2021, 
300494, 盛天网络, 0, 0.2019, 
002434, 万里扬, 0, 0.2019, 
002396, 星网锐捷, 0, 0.2018, 
002402, 和而泰, 0, 0.2015, 
688085, 三友医疗, 0, 0.2013, 
600331, 宏达股份, 0, 0.2010, 
601918, 新集能源, 0, 0.2006, 
600191, *ST华资, 0, 0.2000, 
603380, 易德龙, 0, 0.2000, 
605020, N永和, 0, 0.1995, 
601857, 中国石油, 0, 0.1995, 
300700, 岱勒新材, 0, 0.1995, 
002383, 合众思壮, 0, 0.1994, 
002471, 中超控股, 0, 0.1992, 
600980, 北矿科技, 0, 0.1992, 
600433, 冠豪高新, 0, 0.1991, 
688001, 华兴源创, 0, 0.1989, 
300701, 森霸传感, 0, 0.1987, 
300678, 中科信息, 0, 0.1984, 
603055, 台华新材, 0, 0.1984, 
002179, 中航光电, 0, 0.1983, 
002504, ST弘高, 0, 0.1974, 
300061, 旗天科技, 0, 0.1973, 
000890, 法尔胜, 0, 0.1969, 
002590, 万安科技, 0, 0.1967, 
300513, 恒实科技, 0, 0.1966, 
688639, 华恒生物, 0, 0.1966, 
002513, 蓝丰生化, 0, 0.1963, 
300605, 恒锋信息, 0, 0.1963, 
300670, 大烨智能, 0, 0.1963, 
603613, 国联股份, 0, 0.1959, 
000695, 滨海能源, 0, 0.1955, 
300149, 睿智医药, 0, 0.1951, 
300687, 赛意信息, 0, 0.1949, 
688016, 心脉医疗, 0, 0.1949, 
688058, 宝兰德, 0, 0.1948, 
300809, 华辰装备, 0, 0.1947, 
600152, 维科技术, 0, 0.1944, 
688126, 沪硅产业-U, 0, 0.1943, 
603929, 亚翔集成, 0, 0.1942, 
603109, 神驰机电, 0, 0.1942, 
601126, 四方股份, 0, 0.1941, 
000970, 中科三环, 0, 0.1938, 
002733, 雄韬股份, 0, 0.1936, 
300553, 集智股份, 0, 0.1933, 
300399, 天利科技, 0, 0.1929, 
300896, 爱美客, 0, 0.1925, 
600581, 八一钢铁, 0, 0.1923, 
603090, 宏盛股份, 0, 0.1920, 
000799, 酒鬼酒, 0, 0.1918, 
002355, 兴民智通, 0, 0.1918, 
002253, 川大智胜, 0, 0.1917, 
300450, 先导智能, 0, 0.1916, 
300611, 美力科技, 0, 0.1916, 
603225, 新凤鸣, 0, 0.1915, 
600505, 西昌电力, 0, 0.1913, 
300653, 正海生物, 0, 0.1913, 
300257, 开山股份, 0, 0.1908, 
600520, 文一科技, 0, 0.1908, 
300800, 力合科技, 0, 0.1907, 
300540, 深冷股份, 0, 0.1904, 
300681, 英搏尔, 0, 0.1904, 
002029, 七, 0, 0.1904, 
300179, 四方达, 0, 0.1904, 
001206, 依依股份, 0, 0.1902, 
300243, 瑞丰高材, 0, 0.1901, 
002086, *ST东洋, 0, 0.1899, 
300586, 美联新材, 0, 0.1899, 
000426, 兴业矿业, 0, 0.1898, 
002354, 天神娱乐, 0, 0.1893, 
002574, 明牌珠宝, 0, 0.1890, 
300515, 三德科技, 0, 0.1887, 
300589, 江龙船艇, 0, 0.1886, 
688300, 联瑞新材, 0, 0.1886, 
688008, 澜起科技, 0, 0.1885, 
300802, 矩子科技, 0, 0.1880, 
688021, 奥福环保, 0, 0.1879, 
002796, 世嘉科技, 0, 0.1878, 
688336, 三生国健, 0, 0.1877, 
300542, 新晨科技, 0, 0.1874, 
688208, 道通科技, 0, 0.1869, 
601279, 英利汽车, 0, 0.1868, 
300455, 康拓红外, 0, 0.1868, 
300084, 海默科技, 0, 0.1859, 
603178, XD圣龙股, 0, 0.1857, 
688002, 睿创微纳, 0, 0.1856, 
300895, 铜牛信息, 0, 0.1854, 
600438, 通威股份, 0, 0.1852, 
000545, 金浦钛业, 0, 0.1845, 
000875, 吉电股份, 0, 0.1844, 
600517, 国网英大, 0, 0.1843, 
300181, 佐力药业, 0, 0.1838, 
688350, 富淼科技, 0, 0.1838, 
600058, 五矿发展, 0, 0.1836, 
300098, 高新兴, 0, 0.1834, 
300054, 鼎龙股份, 0, 0.1834, 
300296, 利亚德, 0, 0.1832, 
000988, 华工科技, 0, 0.1829, 
600391, 航发科技, 0, 0.1828, 
688618, 三旺通信, 0, 0.1828, 
600864, 哈投股份, 0, 0.1825, 
603656, 泰禾智能, 0, 0.1822, 
002575, *ST群兴, 0, 0.1816, 
600085, 同仁堂, 0, 0.1815, 
002370, 亚太药业, 0, 0.1814, 
300075, 数字政通, 0, 0.1814, 
300855, 图南股份, 0, 0.1812, 
002922, 伊戈尔, 0, 0.1812, 
002559, 亚威股份, 0, 0.1810, 
002598, 山东章鼓, 0, 0.1806, 
300213, 佳讯飞鸿, 0, 0.1805, 
002886, 沃特股份, 0, 0.1803, 
000636, 风华高科, 0, 0.1801, 
300595, 欧普康视, 0, 0.1800, 
600252, 中恒集团, 0, 0.1799, 
300141, 和顺电气, 0, 0.1798, 
688608, 恒玄科技, 0, 0.1796, 
688183, 生益电子, 0, 0.1795, 
300051, ST三五, 0, 0.1786, 
601156, 东航物流, 0, 0.1781, 
603227, 雪峰科技, 0, 0.1775, 
002891, 中宠股份, 0, 0.1775, 
300502, 新易盛, 0, 0.1774, 
300377, 赢时胜, 0, 0.1771, 
605128, 上海沿浦, 0, 0.1770, 
002064, 华峰化学, 0, 0.1770, 
688099, 晶晨股份, 0, 0.1767, 
300281, 金明精机, 0, 0.1767, 
002072, *ST凯瑞, 0, 0.1765, 
002337, 赛象科技, 0, 0.1765, 
300045, 华力创通, 0, 0.1765, 
300808, 久量股份, 0, 0.1765, 
300282, 三盛教育, 0, 0.1763, 
000859, 国风塑业, 0, 0.1757, 
300074, 华平股份, 0, 0.1756, 
002109, 兴化股份, 0, 0.1754, 
300384, 三联虹普, 0, 0.1754, 
002011, 盾安环境, 0, 0.1753, 
603701, 德宏股份, 0, 0.1749, 
603110, 东方材料, 0, 0.1749, 
000004, 国华网安, 0, 0.1745, 
300387, 富邦股份, 0, 0.1745, 
600243, 青海华鼎, 0, 0.1742, 
300059, 东方财富, 0, 0.1741, 
300853, 申昊科技, 0, 0.1740, 
300068, 南都电源, 0, 0.1739, 
300263, 隆华科技, 0, 0.1738, 
688698, 伟创电气, 0, 0.1735, 
002865, 钧达股份, 0, 0.1735, 
600750, 江中药业, 0, 0.1733, 
300885, 海昌新材, 0, 0.1733, 
300292, 吴通控股, 0, 0.1730, 
688029, 南微医学, 0, 0.1729, 
600301, *ST南化, 0, 0.1722, 
300812, 易天股份, 0, 0.1721, 
002694, 顾地科技, 0, 0.1717, 
300091, 金通灵, 0, 0.1717, 
300625, 三雄极光, 0, 0.1716, 
300486, 东杰智能, 0, 0.1715, 
300337, 银邦股份, 0, 0.1712, 
600018, 上港集团, 0, 0.1711, 
600083, *ST博信, 0, 0.1707, 
688777, 中控技术, 0, 0.1707, 
002866, 传艺科技, 0, 0.1707, 
600778, 友好集团, 0, 0.1706, 
002984, 森麒麟, 0, 0.1705, 
600132, 重庆啤酒, 0, 0.1704, 
300170, 汉得信息, 0, 0.1703, 
688201, 信安世纪, 0, 0.1701, 
688026, 洁特生物, 0, 0.1700, 
002880, 卫光生物, 0, 0.1700, 
688488, 艾迪药业, 0, 0.1700, 
002055, 得润电子, 0, 0.1700, 
300496, 中科创达, 0, 0.1699, 
600525, 长园集团, 0, 0.1699, 
600745, 闻泰科技, 0, 0.1699, 
300545, 联得装备, 0, 0.1695, 
000567, 海德股份, 0, 0.1693, 
300857, 协创数据, 0, 0.1691, 
300011, 鼎汉技术, 0, 0.1690, 
000997, 新, 0, 0.1690, 
300358, 楚天科技, 0, 0.1687, 
601009, 南京银行, 0, 0.1686, 
000948, 南天信息, 0, 0.1685, 
300690, 双一科技, 0, 0.1684, 
600620, 天宸股份, 0, 0.1683, 
300510, 金冠股份, 0, 0.1681, 
002168, 惠程科技, 0, 0.1675, 
603917, 合力科技, 0, 0.1674, 
603133, 碳元科技, 0, 0.1674, 
600847, 万里股份, 0, 0.1673, 
688051, 佳华科技, 0, 0.1670, 
002207, 准油股份, 0, 0.1670, 
603386, 广东骏亚, 0, 0.1669, 
300766, 每日互动, 0, 0.1668, 
002579, 中京电子, 0, 0.1667, 
300039, 上海凯宝, 0, 0.1667, 
600618, 氯碱化工, 0, 0.1665, 
605180, 华生科技, 0, 0.1663, 
603105, 芯能科技, 0, 0.1662, 
000560, 我爱我家, 0, 0.1658, 
000981, *ST银亿, 0, 0.1657, 
603195, 公牛集团, 0, 0.1657, 
300685, 艾德生物, 0, 0.1657, 
603727, 博迈科, 0, 0.1656, 
603693, 江苏新能, 0, 0.1653, 
002915, 中欣氟材, 0, 0.1648, 
601619, 嘉泽新能, 0, 0.1647, 
002478, 常宝股份, 0, 0.1646, 
000912, 泸天化, 0, 0.1645, 
300643, 万通智控, 0, 0.1642, 
300707, 威唐工业, 0, 0.1640, 
601908, 京运通, 0, 0.1640, 
603015, 弘讯科技, 0, 0.1636, 
300795, *ST米奥, 0, 0.1636, 
603444, 吉比特, 0, 0.1634, 
300427, 红相股份, 0, 0.1634, 
688633, 星球石墨, 0, 0.1632, 
603232, 格尔软件, 0, 0.1631, 
300741, 华宝股份, 0, 0.1628, 
002345, 潮宏基, 0, 0.1628, 
002334, 英威腾, 0, 0.1628, 
002449, 国星光电, 0, 0.1626, 
002588, 史丹利, 0, 0.1624, 
688321, 微芯生物, 0, 0.1623, 
600543, 莫高股份, 0, 0.1622, 
688020, 方邦股份, 0, 0.1621, 
300140, 中环装备, 0, 0.1620, 
601101, 昊华能源, 0, 0.1617, 
002906, 华阳集团, 0, 0.1616, 
603729, ST龙韵, 0, 0.1615, 
300116, 保力新, 0, 0.1615, 
300652, 雷迪克, 0, 0.1612, 
300585, 奥联电子, 0, 0.1609, 
300042, 朗科科技, 0, 0.1609, 
002817, 黄山胶囊, 0, 0.1609, 
002642, 荣联科技, 0, 0.1607, 
688129, 东来技术, 0, 0.1604, 
002700, ST浩源, 0, 0.1603, 
002279, 久其软件, 0, 0.1603, 
300758, 七彩化学, 0, 0.1598, 
600821, 金开新能, 0, 0.1595, 
000718, 苏宁环球, 0, 0.1594, 
300684, 中石科技, 0, 0.1592, 
601995, 中金公司, 0, 0.1592, 
603156, 养元饮品, 0, 0.1590, 
000975, 银泰黄金, 0, 0.1587, 
601005, 重庆钢铁, 0, 0.1586, 
002250, 联化科技, 0, 0.1585, 
603726, 朗迪集团, 0, 0.1583, 
601208, 东材科技, 0, 0.1582, 
002539, 云图控股, 0, 0.1579, 
000585, *ST东电, 0, 0.1579, 
300412, 迦南科技, 0, 0.1579, 
002869, 金溢科技, 0, 0.1577, 
300657, 弘信电子, 0, 0.1572, 
603389, 亚振家居, 0, 0.1571, 
688789, 宏华数科, 0, 0.1571, 
600203, 福日电子, 0, 0.1569, 
300597, 吉大通信, 0, 0.1569, 
000700, 模塑科技, 0, 0.1569, 
001896, 豫能控股, 0, 0.1568, 
688529, 豪森股份, 0, 0.1567, 
000973, 佛塑科技, 0, 0.1567, 
300245, 天玑科技, 0, 0.1565, 
603019, 中科曙光, 0, 0.1562, 
000062, 深圳华强, 0, 0.1562, 
300310, 宜通世纪, 0, 0.1561, 
300189, 神农科技, 0, 0.1560, 
002660, 茂硕电源, 0, 0.1560, 
688520, 神州细胞-U, 0, 0.1559, 
300423, 昇辉科技, 0, 0.1557, 
603889, 新澳股份, 0, 0.1556, 
688027, 国盾量子, 0, 0.1555, 
000828, 东莞控股, 0, 0.1553, 
600568, ST中珠, 0, 0.1552, 
002140, 东华科技, 0, 0.1551, 
300311, 任子行, 0, 0.1550, 
600763, 通策医疗, 0, 0.1549, 
000697, 炼石航空, 0, 0.1548, 
300437, 清水源, 0, 0.1548, 
300642, 透景生命, 0, 0.1547, 
300747, 锐科激光, 0, 0.1546, 
300240, 飞力达, 0, 0.1546, 
603121, 华培动力, 0, 0.1544, 
000668, 荣丰控股, 0, 0.1541, 
300859, *ST西域, 0, 0.1540, 
300093, 金刚玻璃, 0, 0.1538, 
002171, 楚江新材, 0, 0.1537, 
600885, 宏发股份, 0, 0.1534, 
300622, 博士眼镜, 0, 0.1534, 
002054, 德美化工, 0, 0.1533, 
603859, 能科股份, 0, 0.1532, 
300561, 汇金科技, 0, 0.1527, 
002102, ST冠福, 0, 0.1527, 
300449, 汉邦高科, 0, 0.1525, 
600861, 北京城乡, 0, 0.1522, 
300407, 凯发电气, 0, 0.1521, 
603059, 倍加洁, 0, 0.1521, 
600209, *ST罗顿, 0, 0.1518, 
000793, 华闻集团, 0, 0.1518, 
002938, 鹏鼎控股, 0, 0.1516, 
001696, 宗申动力, 0, 0.1516, 
601996, 丰林集团, 0, 0.1514, 
603100, 川仪股份, 0, 0.1513, 
002687, 乔治白, 0, 0.1512, 
300696, 爱乐达, 0, 0.1512, 
300018, 中元股份, 0, 0.1510, 
000701, 厦门信达, 0, 0.1507, 
603993, 洛阳钼业, 0, 0.1505, 
002674, 兴业科技, 0, 0.1504, 
600845, 宝信软件, 0, 0.1502, 
300259, 新天科技, 0, 0.1501, 
002375, 亚厦股份, 0, 0.1497, 
000825, 太钢不锈, 0, 0.1495, 
600408, ST安泰, 0, 0.1486, 
002530, 金财互联, 0, 0.1485, 
688555, 泽达易盛, 0, 0.1483, 
002528, 英飞拓, 0, 0.1483, 
300187, 永清环保, 0, 0.1479, 
300300, 海峡创新, 0, 0.1479, 
300107, 建新股份, 0, 0.1478, 
603960, 克来机电, 0, 0.1469, 
300097, 智云股份, 0, 0.1469, 
603559, 中通国脉, 0, 0.1469, 
603988, 中电电机, 0, 0.1467, 
300195, 长荣股份, 0, 0.1464, 
002637, 赞宇科技, 0, 0.1464, 
300078, 思创医惠, 0, 0.1463, 
603267, 鸿远电子, 0, 0.1462, 
002239, 奥特佳, 0, 0.1459, 
300870, 欧陆通, 0, 0.1458, 
300177, 中海达, 0, 0.1456, 
300212, 易华录, 0, 0.1452, 
688095, 福昕软件, 0, 0.1451, 
300557, 理工光科, 0, 0.1450, 
300088, 长信科技, 0, 0.1448, 
000050, 深天马Ａ, 0, 0.1446, 
600653, 申华控股, 0, 0.1446, 
300538, 同益股份, 0, 0.1445, 
600996, 贵广网络, 0, 0.1445, 
600239, *ST云城, 0, 0.1444, 
600199, 金种子酒, 0, 0.1444, 
002613, 北玻股份, 0, 0.1442, 
002340, 格林美, 0, 0.1441, 
300731, 科创新源, 0, 0.1440, 
300668, 杰恩设计, 0, 0.1438, 
002910, 庄园牧场, 0, 0.1437, 
688314, 康拓医疗, 0, 0.1437, 
600378, 昊华科技, 0, 0.1436, 
601696, 中银证券, 0, 0.1435, 
605016, 百龙创园, 0, 0.1431, 
600722, 金牛化工, 0, 0.1429, 
002384, 东山精密, 0, 0.1428, 
603050, 科林电气, 0, 0.1427, 
002815, 崇达技术, 0, 0.1427, 
603259, 药明康德, 0, 0.1424, 
002200, ST云投, 0, 0.1423, 
300022, 吉峰科技, 0, 0.1422, 
603203, 快克股份, 0, 0.1420, 
002522, 浙江众成, 0, 0.1418, 
000040, 东旭蓝天, 0, 0.1417, 
002336, 人人乐, 0, 0.1411, 
603936, 博敏电子, 0, 0.1404, 
002703, 浙江世宝, 0, 0.1403, 
002632, 道明光学, 0, 0.1403, 
300872, 天阳科技, 0, 0.1403, 
300469, 信息发展, 0, 0.1402, 
002113, *ST天润, 0, 0.1400, 
600711, 盛屯矿业, 0, 0.1398, 
600961, 株冶集团, 0, 0.1396, 
688222, 成都先导, 0, 0.1396, 
688070, 纵横股份, 0, 0.1395, 
600584, 长电科技, 0, 0.1394, 
001872, 招商港口, 0, 0.1393, 
002191, 劲嘉股份, 0, 0.1392, 
002178, 延华智能, 0, 0.1392, 
002138, 顺络电子, 0, 0.1391, 
300050, 世纪鼎利, 0, 0.1389, 
603629, 利通电子, 0, 0.1385, 
002211, 宏达新材, 0, 0.1385, 
600246, 万通发展, 0, 0.1382, 
300864, 南大环境, 0, 0.1381, 
002920, 德赛西威, 0, 0.1380, 
002829, 星网宇达, 0, 0.1380, 
600405, 动力源, 0, 0.1379, 
603926, 铁流股份, 0, 0.1379, 
603045, 福达合金, 0, 0.1377, 
600135, 乐凯胶片, 0, 0.1376, 
300380, 安硕信息, 0, 0.1375, 
300322, 硕贝德, 0, 0.1374, 
600844, 丹化科技, 0, 0.1374, 
600970, 中材国际, 0, 0.1373, 
603392, 万泰生物, 0, 0.1373, 
601188, 龙江交通, 0, 0.1372, 
300128, 锦富技术, 0, 0.1371, 
000559, 万向钱潮, 0, 0.1371, 
300782, 卓胜微, 0, 0.1371, 
603895, 天永智能, 0, 0.1367, 
603989, 艾华集团, 0, 0.1366, 
300395, 菲利华, 0, 0.1364, 
600726, 华电能源, 0, 0.1362, 
002985, 北摩高科, 0, 0.1360, 
600731, 湖南海利, 0, 0.1357, 
603236, 移远通信, 0, 0.1356, 
688215, 瑞晟智能, 0, 0.1356, 
600971, 恒源煤电, 0, 0.1356, 
603803, 瑞斯康达, 0, 0.1353, 
000415, 渤海租赁, 0, 0.1353, 
300232, 洲明科技, 0, 0.1352, 
002763, 汇洁股份, 0, 0.1350, 
688510, 航亚科技, 0, 0.1350, 
300360, 炬华科技, 0, 0.1350, 
000989, 九, 0, 0.1349, 
300163, 先锋新材, 0, 0.1347, 
600526, 菲达环保, 0, 0.1345, 
300590, 移为通信, 0, 0.1344, 
605305, 中际联合, 0, 0.1344, 
002569, ST步森, 0, 0.1344, 
603355, 莱克电气, 0, 0.1344, 
601369, 陕鼓动力, 0, 0.1343, 
300660, 江苏雷利, 0, 0.1341, 
002586, *ST围海, 0, 0.1339, 
000573, 粤宏远Ａ, 0, 0.1338, 
600843, 上工申贝, 0, 0.1338, 
300288, 朗玛信息, 0, 0.1335, 
002374, 中锐股份, 0, 0.1333, 
603028, 赛福天, 0, 0.1333, 
600080, 金花股份, 0, 0.1330, 
300269, ST联建, 0, 0.1323, 
300304, 云意电气, 0, 0.1318, 
300136, 信维通信, 0, 0.1310, 
002947, 恒铭达, 0, 0.1310, 
600284, 浦东建设, 0, 0.1308, 
300403, 汉宇集团, 0, 0.1307, 
688055, 龙腾光电, 0, 0.1304, 
600965, 福成股份, 0, 0.1304, 
002931, 锋龙股份, 0, 0.1303, 
002052, ST同洲, 0, 0.1302, 
002633, 申科股份, 0, 0.1295, 
600590, 泰豪科技, 0, 0.1294, 
000936, 华西股份, 0, 0.1292, 
300092, 科新机电, 0, 0.1292, 
603266, 天龙股份, 0, 0.1288, 
688218, 江苏北人, 0, 0.1288, 
300038, *ST数知, 0, 0.1287, 
002753, 永东股份, 0, 0.1285, 
300302, 同有科技, 0, 0.1285, 
600639, 浦东金桥, 0, 0.1284, 
600188, 兖州煤业, 0, 0.1278, 
603920, 世运电路, 0, 0.1276, 
002962, 五方光电, 0, 0.1274, 
000509, *ST华塑, 0, 0.1273, 
000639, 西王食品, 0, 0.1270, 
688312, 燕麦科技, 0, 0.1268, 
300570, 太辰光, 0, 0.1266, 
688086, 紫晶存储, 0, 0.1266, 
300152, 科融环境, 0, 0.1265, 
002535, ST林重, 0, 0.1265, 
601799, 星宇股份, 0, 0.1265, 
300688, 创业黑马, 0, 0.1265, 
605488, 福莱新材, 0, 0.1264, 
603611, 诺力股份, 0, 0.1261, 
688377, 迪威尔, 0, 0.1254, 
600212, 江泉实业, 0, 0.1253, 
600768, 宁波富邦, 0, 0.1250, 
002209, 达, 0, 0.1250, 
002291, 星期六, 0, 0.1248, 
002379, 宏创控股, 0, 0.1246, 
002728, 特一药业, 0, 0.1246, 
300535, 达威股份, 0, 0.1245, 
002328, 新朋股份, 0, 0.1244, 
300749, 顶固集创, 0, 0.1242, 
600609, 金杯汽车, 0, 0.1242, 
002183, 怡, 0, 0.1240, 
002729, 好利来, 0, 0.1236, 
300422, 博世科, 0, 0.1235, 
002060, 粤, 0, 0.1230, 
603033, 三维股份, 0, 0.1229, 
600410, XD华胜天, 0, 0.1229, 
002389, 航天彩虹, 0, 0.1228, 
002005, ST德豪, 0, 0.1227, 
300862, 蓝盾光电, 0, 0.1227, 
603159, 上海亚虹, 0, 0.1227, 
300111, 向日葵, 0, 0.1227, 
000070, 特发信息, 0, 0.1225, 
300336, 新文化, 0, 0.1225, 
603927, 中科软, 0, 0.1224, 
300211, 亿通科技, 0, 0.1222, 
600068, 葛洲坝, 0, 0.1222, 
601838, 成都银行, 0, 0.1221, 
002050, 三花智控, 0, 0.1219, 
002156, 通富微电, 0, 0.1218, 