002594
688981
300409
603659
300999
000063
600223
601601
002736
002206
002144
000960
603290
002463
605009
002524
300463
300737
688123
002995
688558
688036
300083
688017
603987
603858
002192
002484
603589
300626
300841
300142
603087
002371
002129
000998
601012
688126
600378
600745
600584
002185
300601
002236
600352
002601
600309
000932
300229
002853
603259
603369
603367
002923
600489
300579
002803
600276
603392
603020
300348
300663
002626
300601
999999
002206
600522
000002
510050
000534
300229
399001
399006
600036
002179
002470
002372
601318
601166
399106
600340
002144
000333
002466
603369
300401
300059
000063
600887
600309
300750
603590
603987
600529
002311
300761
300498
603259
600498
000739
688126
600489
300760
300253
002923
603367
603858
300792
002001
002402
300672
300782
002826
603320
002594
688318
002626
688981
603659
000998
605388
603931
603087
688013
688017
688050
300895
300892
300866
300850
300841
002984
688580
688577
688521
688520
688518
688513
688390
688386
688336
688338
688289
688165
600745
688012
605358
603613
002925
300037
002832
002709
600563
300132
601677
002390
300575
300630
002709
002759
300037
002407
300737
000710
002531
000555
300463
300044
300409
300663
002216
002236
002524
002788
002995
603212
603882
002484
002853
600535
603087
603260
603920
688123
688558
300999
605009
300037
002920
000710
603290
002709
300452
603659
600984
300791
002901
300724
300609
002850
300463
300496
002126
002928
603686
603486
002332
300737
603195
300010
300298
002938
603538
603187
300725
000636
002970
002918
002541
603378
601100
603489
002032
300012
603833
300595
000541
300285
603939
603288
601098
300347
603338
600835
002747
000333
601888
002812
600885
002557
000001
002353
002677
688111
688208
300413
688169
601816
002460
300760
600763
300601
002568
600732
000661